              precision    recall  f1-score   support

           0       0.97      1.00      0.99        33
           1       1.00      1.00      1.00        57
           2       0.93      0.95      0.94        44
           3       0.92      0.94      0.93        35
           4       0.93      0.87      0.90        46
           5       0.93      0.93      0.93        42
           6       0.88      0.88      0.88        34
           7       0.88      0.93      0.90        41
           8       0.96      0.89      0.92        27
           9       0.90      0.90      0.90        41

    accuracy                           0.93       400
   macro avg       0.93      0.93      0.93       400
weighted avg       0.93      0.93      0.93       400
